测试准确率 (Test Accuracy): 97.91%
平均测试损失 (Average Test Loss): 0.0876

              precision    recall  f1-score   support

           0     0.9948    0.9806    0.9877       980
           1     0.9860    0.9947    0.9904      1135
           2     0.9748    0.9738    0.9743      1032
           3     0.9569    0.9881    0.9722      1010
           4     0.9885    0.9664    0.9773       982
           5     0.9776    0.9787    0.9782       892
           6     0.9773    0.9906    0.9839       958
           7     0.9920    0.9601    0.9758      1028
           8     0.9814    0.9774    0.9794       974
           9     0.9630    0.9792    0.9710      1009

    accuracy                         0.9791     10000
   macro avg     0.9792    0.9790    0.9790     10000
weighted avg     0.9793    0.9791    0.9791     10000
